0.020000000000000004	1.6443915037003304e74
0.020231589085197968	1.6443915037003304e74
0.020465859845615084	1.6443915037003304e74
0.020702843333586875	1.6443915037003304e74
0.020942570961017995	1.6443915037003304e74
0.021185074503545776	1.6443915037003304e74
0.021430386104752133	1.6443915037003304e74
0.02167853828042407	7396.962106282001
0.021929563922863705	761.5237624937928
0.022183496305248022	214.81823122411475
0.022440369086039275	89.2949414058262
0.022700216313446302	45.65315310699957
0.02296307242993766	26.555716936100545
0.023228972276806856	16.871355451009293
0.023497951098790597	11.428527216673606
0.02377004454874037	8.12805619301494
0.024045288692348267	6.006252340699297
0.02432372001292736	4.577391740741801
0.02460537541624764	3.5781938652846756
0.024890292235427703	2.8572393956370643
0.025178508235883353	2.3231526158559945
0.025470061620333235	1.9184809816635
0.025764991033862688	1.605838123687577
0.02606333556904599	1.360155818323737
0.026365134771128153	1.1641825368781415
0.026670428643266485	1.0057717905085597
0.02697925765183307	0.8761967713628361
0.027291662731778493	0.7690727791211271
0.027607685292057694	0.6796537939047422
0.027927367221118757	0.6043587948855013
0.028250750892455084	0.5404494548390967
0.028577879170222063	0.4858072811172921
0.02890879541491855	0.43877404535000414
0.02924354348913437	0.3980393301345916
0.02958216776336415	0.36255752701589855
0.029924713121888675	0.3314867510617419
0.030271224968724163	0.3041441413592651
0.03062174923364061	0.27997150094665624
0.03097633237824963	0.2585092763975423
0.03133502140216299	0.2393766300180931
0.03169786384922227	0.222256184986635
0.03206490781380084	0.206881680455479
0.032436201947178604	0.19302887740840588
0.032811795463990795	0.18050761802799936
0.03319173814875122	0.16915604054976174
0.033576080362451216	0.1588357931721881
0.033964873049234894	0.14942792263870427
0.03435816774315178	0.1408299768513014
0.03475601657498752	0.13295317173830704
0.03515847227917387	0.1257204092580666
0.03556558820077846	0.11906440649014313
0.035977418302575774	0.11292637640604633
0.03639401717219967	0.10725465356066995
0.036815440029379115	0.1020038084956365
0.03724174273325736	0.0971337108656707
0.03767298178979601	0.09260882786946885
0.038109214359264953	0.08839761691170489
0.03855049826381872	0.08447202108382326
0.03899689199516092	0.08080698990119571
0.03944845472229708	0.07738014937213164
0.039905246299377604	0.07417142882296769
0.040367327273631216	0.07116278895309826
0.040834758893390596	0.0683380228489205
0.04130760311621059	0.06568249395534557
0.0417859226170808	0.0631829817897071
0.042269780796732936	0.060827516176331406
0.04275924179004466	0.058605234995698044
0.04325437047454041	0.056506275938183054
0.04375523247899107	0.0545216745566664
0.04426189419211276	0.05264323728974972
0.044774422771366805	0.05086350632099813
0.045292886151861195	0.04917562920838784
0.045817353055355475	0.04757336708328822
0.046347892999369575	0.04605097320101059
0.04688457630639846	0.04460318994009666
0.047427474113233115	0.043225167197690616
0.04797665838038983	0.04191243922685097
0.048532201901648316	0.04066090205841801
0.0490941783137006	0.03946675949839943
0.049662662105911415	0.038326498702284925
0.050237728630191596	0.03723688018707503
0.05081945411098611	0.03619489134396925
0.05140791565537727	0.03519774777729132
0.05200319126330545	0.03424286477031784
0.052605359837907636	0.03332783008591451
0.053214501195976205	0.032450415310742206
0.05383069607853831	0.03160853089266555
0.05445402616155826	0.03080024086922463
0.05508457406676333	0.03002373305694179
0.05572242337259542	0.029277316222214588
0.05636765862528908	0.02855941293289294
0.057020365350078206	0.02786854163867314
0.05768063006253212	0.027203322522420584
0.058348540280023356	0.026562459424799106
0.059024184533327716	0.02594473401688233
0.05970765237835921	0.025349010878933265
0.06039903440804033	0.024774213764220426
0.06109842226431029	0.024219340681636614
0.061805908650271815	0.02368344193167536
0.06252158734247912	0.0231656309108491
0.0632455532033676	0.02266506355864268
0.06397790219382798	0.02218095307047639
0.06471873138592567	0.021712552160242277
0.06546813897576763	0.021259157324131875
0.06622622429651823	0.020820103092316945
0.06699308783156553	0.020394763273241124
0.06776883122784053	0.019982543273334236
0.06855355730929007	0.019582881131894173
0.06934737009050634	0.01919524631406628
0.0701503747905136	0.01881913401122206
0.0709626778467151	0.018454067454893867
0.07178438692900105	0.018099594061918658
0.07261561095402029	0.017755284456373147
0.07345646009961693	0.017420731935066124
0.07430704581943452	0.017095548237918746
0.07516748085768883	0.016779366533060867
0.07603787926411226	0.01647183627436447
0.07691835640907072	0.016172625561246472
0.07780902899885614	0.015881418065337452
0.0787100150911555	0.01559791337363953
0.07962143411069948	0.015321822501507687
0.08054340686509183	0.01505287228405276
0.08147605556082257	0.014790802985167238
0.08241950381946606	0.014535365563860324
0.08337387669406711	0.014286323260227511
0.08433930068571646	0.014043448576458959
0.08531590376031857	0.01380652574133487
0.08630381536555305	0.013575347763645213
0.08730316644803324	0.013349717471481356
0.08831408947066252	0.013129445756224753
0.08933671843019261	0.01291435158201588
0.09037118887498449	0.012704262963331799
0.091417637922975	0.012499013499853493
0.09247620427985208	0.01229844511279108
0.09354702825743963	0.012102405800856532
0.09463025179229612	0.011910749927309472
0.09572601846452766	0.011723338420497682
0.0968344735168199	0.011540036950053957
0.09795576387368925	0.011360718139312906
0.09909003816095807	0.011185256806572069
0.10023744672545448	0.01101353694271208
0.10139814165494088	0.01084544384882542
0.10257227679827298	0.010680868936559493
0.10376000778579222	0.01051970671637636
0.10496149204995453	0.010361856832282471
0.10617688884619768	0.010207222112895077
0.10740635927405055	0.010055709899738247
0.10865006629848666	0.009907230136368397
0.10990817477152492	0.009761696609081508
0.11118085145408073	0.0096190258138937
0.11246826503806984	0.009479138267591688
0.11377058616876831	0.009341956465360242
0.1150879874674314	0.009207406598191383
0.11642064355417431	0.009075416512349334
0.11776873107111781	0.00894591830335024
0.11913242870580211	0.008818843878351317
0.12051191721487158	0.00869412997903594
0.12190737944803386	0.008571714880267806
0.12331900037229646	0.008451538148468376
0.12474696709648388	0.00833354215271866
0.1261914688960387	0.008217670844399784
0.12765269723810976	0.008103871191221032
0.12913084580693113	0.007992090610374062
0.1306261105294945	0.007882279161718225
0.13213868960151923	0.007774387573486873
0.13366878351372297	0.007668369537409846
0.1352165950783964	0.007564178888360847
0.13678232945628588	0.007461772443367383
0.13836619418378732	0.007361106972216362
0.1399683992004547	0.007262141701954691
0.1415891568768276	0.007164836672315997
0.1432286820425804	0.0070691530981773385
0.14488719201499803	0.006975053892640843
0.14656490662778082	0.006882502169270705
0.14826204826018352	0.006791463252911926
0.14997884186649119	0.0067019034287189114
0.15171551500583677	0.006613789049923738
0.1534722978723638	0.006527088617544811
0.15524942332573838	0.006441770877964416
0.1570471269220144	0.006357805446838937
0.15886564694485633	0.006275163689280897
0.16070522443712348	0.006193816909388445
0.1625661032328199	0.006113737328293358
0.16444852998941425	0.006034898964970035
0.16635275422053425	0.005957275049876616
0.16827902832903907	0.005880840612523268
0.17022760764047534	0.005805571592573426
0.17219875043692018	0.005731443705374197
0.17419271799121616	0.005658433857275587
0.17620977460160286	0.005586519725924271
0.17825018762674916	0.005515679126439366
0.18031422752119144	0.005445891118891582
0.18240216787118196	0.005377134834076822
0.18451428543095263	0.00530939021065406
0.18665086015939822	0.0052426373745394165
0.1888121752571847	0.0051768575320042575
0.1909985172042872	0.00511203209294496
0.1932101757979627	0.005048142891313784
0.19544744419116217	0.004985172224332816
0.1977106189313878	0.004923103073736844
0.20000000000000004	0.0048619184552762
0.20231589085197973	0.00480160241729516
0.20465859845615086	0.004742138841805336
0.2070284333358688	0.004683512252190093
0.20942570961017995	0.004625707633557857
0.2118507450354578	0.00456871014911804
0.21430386104752133	0.00451250557952542
0.21678538280424076	0.004457079682666524
0.21929563922863704	0.004402418887254252
0.22183496305248027	0.0043485098945805125
0.22440369086039275	0.004295339720026415
0.22700216313446306	0.004242895459568819
0.22963072429937662	0.004191164685108504
0.2322897227680686	0.004140135530156032
0.23497951098790598	0.004089795839360959
0.23770044548740377	0.004040134190518969
0.24045288692348266	0.003991139176658668
0.24323720012927366	0.003942799858319548
0.24605375416247632	0.003895105341434481
0.24890292235427702	0.003848044962230798
0.25178508235883346	0.0038016085640273107
0.25470061620333234	0.0037557859419310854
0.25764991033862683	0.003710567190378141
0.2606333556904599	0.003665942713111568
0.26365134771128146	0.0036219029537167325
0.26670428643266486	0.0035784386644978814
0.2697925765183308	0.0035355409212050044
0.27291662731778493	0.003493200677248522
0.276076852920577	0.0034514092876868213
0.2792736722111876	0.003410158286964497
0.2825075089245509	0.003369439293428009
0.28577879170222065	0.0033292441594118542
0.2890879541491856	0.003289564939119343
0.2924354348913437	0.00325039368195462
0.29582167763364153	0.003211722898492889
0.29924713121888674	0.00317354489110107
0.3027122496872417	0.0031358523919439445
0.3062174923364061	0.003098638016463548
0.3097633237824963	0.003061894892692539
0.31335021402162994	0.0030256159528314736
0.31697863849222274	0.0029897943680846756
0.32064907813800836	0.0029544234862915186
0.32436201947178606	0.0029194967335082755
0.3281179546399079	0.002885007699570639
0.3319173814875122	0.0028509500347948975
0.33576080362451216	0.0028173175536727823
0.33964873049234895	0.0027841041640337782
0.3435816774315177	0.00275130393021274
0.3475601657498752	0.0027189109676445896
0.35158472279173864	0.002686919560966451
0.3556558820077846	0.0026553240867059472
0.35977418302575764	0.0026241188048161455
0.3639401717219967	0.002593298442442309
0.3681544002937912	0.002562857580135899
0.37241742733257355	0.002532791077131365
0.3767298178979602	0.0025030934784702136
0.38109214359264953	0.0024737599579143497
0.3855049826381873	0.002444785380383081
0.38996891995160915	0.0024161649597614935
0.3944845472229708	0.0023878938318502596
0.399052462993776	0.002359967239203008
0.4036732727363123	0.0023323805398459754
0.408347588933906	0.0023051290871008508
0.41307603116210595	0.002278208475808247
0.41785922617080795	0.0022516142620972084
0.4226978079673294	0.0022253419650639012
0.4275924179004465	0.002199387442185422
0.43254370474540416	0.002173746436925779
0.4375523247899106	0.002148414737970595
0.4426189419211276	0.0021233883234275733
0.447744227713668	0.0020986631471301346
0.452928861518612	0.002074235267474271
0.4581735305535547	0.0020501008044196576
0.46347892999369583	0.0020262559352059307
0.46884576306398457	0.002002696854867901
0.4742747411323312	0.0019794199169171182
0.47976658380389814	0.0019564213513414384
0.4853220190164832	0.0019336976834601037
0.49094178313700615	0.0019112453028138382
0.49662662105911415	0.001889060750239003
0.5023772863019161	0.0018671406019263382
0.5081945411098611	0.0018454814260101158
0.5140791565537729	0.0018240798823607862
0.5200319126330545	0.0018029327809361442
0.5260535983790765	0.0017820368049518563
0.532145011959762	0.0017613888689088407
0.5383069607853833	0.0017409857057034516
0.5445402616155827	0.0017208242813838474
0.5508457406676335	0.0017009015537218038
0.5572242337259542	0.001681214535377705
0.5636765862528909	0.0016617602398834455
0.570203653500782	0.0016425357711306223
0.5768063006253213	0.0016235382367390044
0.5834854028002335	0.0016047648334335635
0.5902418453332773	0.0015862127522356122
0.597076523783592	0.0015678792015232023
0.6039903440804034	0.0015497615893428076
0.6109842226431028	0.0015318570767712091
0.6180590865027182	0.0015141631504222318
0.6252158734247911	0.001496677179117067
0.632455532033676	0.001479396582505501
0.6397790219382797	0.001462318782997197
0.6471873138592567	0.0014454414113188924
0.6546813897576765	0.0014287618800431588
0.6622622429651823	0.0014122778277773451
0.6699308783156555	0.0013959869108422591
0.6776883122784052	0.001379886655974484
0.6855355730929008	0.0013639748336943182
0.6934737009050634	0.0013482490736635125
0.7015037479051361	0.0013327071912893052
0.709626778467151	0.001317346813993185
0.7178438692900105	0.0013021659143856133
0.7261561095402028	0.0012871621704989486
0.7345646009961695	0.0012723335590950143
0.7430704581943453	0.0012576778106088136
0.7516748085768885	0.001243193053162801
0.7603787926411225	0.0012288770614117554
0.7691835640907073	0.0012147278022763555
0.7780902899885613	0.001200743321117434
0.787100150911555	0.001186921609852752
0.7962143411069946	0.0011732607866943418
0.8054340686509184	0.0011597588132578158
0.8147605556082256	0.0011464138502305142
0.8241950381946606	0.0011332240301159435
0.833738766940671	0.0011201874533292022
0.8433930068571647	0.0011073022723466024
0.8531590376031855	0.001094566726260713
0.8630381536555306	0.0010819790508534938
0.8730316644803321	0.0010695373970295162
0.8831408947066252	0.0010572400972502427
0.8933671843019264	0.0010450853776904844
0.9037118887498449	0.001033071618184682
0.9141763792297503	0.0010211970888522016
0.9247620427985208	0.0010094601657292888
0.9354702825743966	0.0009978591730495302
0.9463025179229612	0.0009863925437735702
0.9572601846452768	0.0009750586985450904
0.9683447351681989	0.0009638560391064023
0.9795576387368926	0.0009527829734697146
0.9909003816095806	0.0009418380707171465
1.0023744672545447	0.0009310197677147646
1.013981416549409	0.0009203265015935518
1.0257227679827299	0.0009097569099871568
1.0376000778579224	0.0008993094363367887
1.0496149204995455	0.0008889827358227745
1.061768888461977	0.0008787753793555595
1.0740635927405058	0.0008686858249994781
1.0865006629848666	0.0008587128925748652
1.0990817477152492	0.0008488550388875288
1.1118085145408074	0.0008391109953526553
1.1246826503806984	0.0008294794655496803
1.1377058616876832	0.0008199589949612553
1.150879874674314	0.0008105484455852984
1.1642064355417432	0.0008012464224397442
1.1776873107111783	0.0007920516851527668
1.1913242870580212	0.0007829629790636777
1.2051191721487158	0.0007739790705726951
1.2190737944803385	0.0007650987168739661
1.2331900037229646	0.0007563207211210996
1.2474696709648387	0.0007476439219863849
1.2619146889603867	0.0007390670549517155
1.2765269723810977	0.0007305889955243912
1.2913084580693113	0.0007222086149251014
1.306261105294945	0.0007139247398127833
1.3213868960151922	0.0007057362925987502
1.3366878351372296	0.000697642090555282
1.3521659507839638	0.0006896410886309827
1.367823294562859	0.0006817322208580119
1.3836619418378733	0.0006739143260921961
1.3996839920045472	0.000666186417931444
1.415891568768276	0.0006585474581434341
1.4322868204258044	0.0006509963739964382
1.4488719201499805	0.0006435321904643306
1.4656490662778086	0.0006361538123066025
1.4826204826018354	0.0006288602950930825
1.499788418664912	0.0006216506652515421
1.5171551500583678	0.0006145239869809857
1.5347229787236383	0.000607479224308756
1.552494233257384	0.0006005154506856757
1.570471269220144	0.000593631754500065
1.5886564694485634	0.0005868271665691777
1.6070522443712347	0.0005801007732635829
1.6256610323281988	0.0005734516505425123
1.6444852998941426	0.0005668789863745078
1.6635275422053424	0.0005603818207157553
1.6827902832903905	0.0005539593425836276
1.7022760764047533	0.0005476106242274397
1.7219875043692017	0.00054133477402169
1.7419271799121616	0.0005351310789417551
1.7620977460160285	0.0005289986262756405
1.7825018762674916	0.0005229364291715946
1.8031422752119142	0.0005169440348784162
1.8240216787118197	0.0005110204620774225
1.8451428543095267	0.0005051649156070638
1.8665086015939825	0.0004993765900136692
1.8881217525718472	0.0004936546630771705
1.9099851720428722	0.000487998505251845
1.9321017579796271	0.00048240723428537665
1.9544744419116218	0.0004768801793535871
1.9771061893138782	0.0004714165260717607
2.0000000000000004	0.0004660155571808304
2.0231589085197976	0.0004606766281339054
2.0465859845615086	0.00045539886345508345
2.0702843333586882	0.00045018181189289294
2.094257096101799	0.0004450245297630105
2.118507450354578	0.00043992644746937816
2.1430386104752133	0.00043488682850314066
2.1678538280424076	0.0004299050236729301
2.1929563922863706	0.00042498040733051
2.2183496305248025	0.00042011225184149253
2.2440369086039276	0.0004152999845297246
2.2700216313446306	0.00041054287429914996
2.296307242993766	0.0004058403532562193
2.322897227680686	0.0004011917476847652
2.34979510987906	0.00039659642800161915
2.3770044548740374	0.00039205387368580915
2.4045288692348263	0.0003875633732453441
2.4323720012927366	0.0003831243830405999
2.4605375416247637	0.0003787362948051362
2.4890292235427705	0.00037439851675113734
2.517850823588335	0.0003701104742708168
2.5470061620333238	0.0003658715918105763
2.5764991033862685	0.00036168128999582275
2.6063335569045996	0.0003575390292490331
2.636513477112815	0.0003534442912753757
2.667042864326649	0.00034939644948434853
2.697925765183308	0.0003453950403358364
2.72916627317785	0.0003414394763330103
2.7607685292057704	0.0003375293126754512
2.7927367221118757	0.00033366389362575005
2.825075089245509	0.0003298428364825556
2.8577879170222062	0.0003260655438036562
2.8908795414918558	0.00032233158975086693
2.924354348913437	0.00031864037097379137
2.9582167763364153	0.00031499151397200854
2.9924713121888677	0.0003113843981465087
3.027122496872417	0.000307818704964043
3.062174923364061	0.00030429378726974643
3.0976332378249634	0.00030080930759310927
3.133502140216299	0.00029736476231985215
3.169786384922228	0.00029395967370734284
3.206490781380084	0.00029059361944782947
3.243620194717861	0.000287266124582169
3.2811795463990796	0.0002839767646954136
3.319173814875122	0.00028072506826484414
3.357608036245122	0.00027751066946519787
3.39648730492349	0.00027433305604099897
3.4358167743151773	0.000271191859980673
3.475601657498751	0.00026808668825870253
3.515847227917386	0.00026501706939050445
3.556558820077846	0.00026198260308879674
3.597741830257576	0.00025898297241174037
3.6394017172199673	0.0002560175761837375
3.6815440029379123	0.0002530861936198717
3.7241742733257355	0.000250188442845153
3.7672981789796016	0.0002473238519068829
3.810921435926495	0.00024449206149048183
3.855049826381873	0.00024169277471688188
3.8996891995160916	0.0002389255110359614
3.9448454722297086	0.00023618992080841667
3.9905246299377604	0.00023348566406832292
4.036732727363123	0.00023081245701202417
4.08347588933906	0.0002281698275935189
4.13076031162106	0.0002255574295341709
4.17859226170808	0.00022297499381740318
4.2269780796732945	0.00022042212893590005
4.275924179004465	0.00021789848602666963
4.325437047454042	0.00021540376346650394
4.375523247899107	0.0002129376233057537
4.426189419211277	0.00021049972086209208
4.477442277136681	0.00020808887892816765
4.529288615186121	0.000205697525097604
4.581735305535548	0.00020331626882285673
4.634789299936958	0.0002009372439457146
4.688457630639845	0.0001985540454322442
4.742747411323311	0.00019616153074038784
4.797665838038982	0.0001937556735213082
4.853220190164832	0.0001913336055203764
4.909417831370061	0.00018889324506946056
4.966266210591141	0.00018643349430663887
5.023772863019161	0.00018395387814682847
5.081945411098611	0.00018145454155871207
5.140791565537729	0.0001789364162732189
5.200319126330545	0.00017640066560793761
5.260535983790765	0.00017384902454049378
5.32145011959762	0.00017128350985479344
5.383069607853833	0.00016870645363326766
5.445402616155826	0.00016612041546215035
5.508457406676334	0.00016352807279055583
5.572242337259542	0.00016093227160006736
5.636765862528909	0.00015833589807208407
5.70203653500782	0.00015574184861274262
5.768063006253214	0.00015315308793217503
5.8348540280023355	0.00015057246278208785
5.902418453332773	0.00014800224453405435
5.970765237835921	0.0001454462615222598
6.039903440804035	0.000142906493641282
6.109842226431029	0.00014038537902992578
6.180590865027184	0.00013788511580656353
6.252158734247912	0.00013540776077586222
6.32455532033676	0.0001329552438261334
6.397790219382797	0.0001305294470407016
6.471873138592566	0.00012813129152566854
6.546813897576765	0.000125763194290807
6.622622429651823	0.00012342537734110078
6.699308783156554	0.00012111985560811114
6.776883122784052	0.00011884690091067445
6.855355730929008	0.00011660748946280722
6.934737009050634	0.00011440249055368523
7.015037479051362	0.00011223211221660193
7.096267784671511	0.00011009727780056951
7.178438692900106	0.00010799790398539953
7.261561095402029	0.00010593435931089082
7.345646009961695	0.00010390682536258667
7.430704581943453	0.00010191532703724261
7.516748085768885	0.00009995985644274083
7.6037879264112265	0.00009804035968929334
7.691835640907073	0.00009615665164441867
7.780902899885614	0.00009430853719696071
7.871001509115552	0.00009249575225449887
7.962143411069948	0.00009071800080461331
8.054340686509185	0.00008897491070296162
8.147605556082258	0.00008726612136979659
8.241950381946607	0.00008559120114076064
8.337387669406711	0.00008394967304365596
8.433930068571646	0.0000823411261589028
8.531590376031854	0.00008076502510821422
8.630381536555305	0.00007922080389937857
8.73031664480332	0.00007770799356224541
8.831408947066251	0.00007622600681558827
8.933671843019264	0.0000747742852395679
9.03711888749845	0.00007335225467884485
9.141763792297503	0.00007195932792681726
9.247620427985208	0.0000705949309586368
9.354702825743965	0.00006925844127593752
9.463025179229613	0.00006794926361136202
9.57260184645277	0.00006666680896769536
9.68344735168199	0.00006541044773675908
9.795576387368927	0.00006417956879229886
9.909003816095806	0.00006297358789850221
10.023744672545446	0.00006179186357960568
10.13981416549409	0.000060633781300773224
10.257227679827297	0.000059498741091117806
10.376000778579225	0.00005838613118495761
10.496149204995453	0.00005729533052320268
10.61768888461977	0.00005622573313350618
10.740635927405055	0.000055176725301285985
10.865006629848668	0.000054147695173605436
10.990817477152492	0.00005313803589658919
11.118085145408076	0.00005214714903661461
11.246826503806982	0.00005117440589064429
11.377058616876834	0.00005021920538728734
11.50879874674314	0.00004928094356285744
11.642064355417434	0.00004835898762715842
11.776873107111781	0.00004745273063600552
11.913242870580214	0.00004656153473399583
12.051191721487157	0.000045684780371052776
12.19073794480339	0.00004482181812039299
12.331900037229646	0.00004397197677349689
12.474696709648391	0.000043134608707374427
12.619146889603869	0.00004230900902414756
12.765269723810981	0.00004149447516019869
12.913084580693114	0.00004069026069289727
13.062611052949453	0.000039895585694240316
13.213868960151924	0.000039109643986070593
13.366878351372293	0.00003833156980971686
13.52165950783964	0.00003756045777111272
13.678232945628586	0.000036795335868286595
13.836619418378735	0.000036035163727275664
13.99683992004547	0.00003527881841136285
14.158915687682763	0.00003452510163091681
14.322868204258041	0.00003377272540334659
14.488719201499807	0.0000330203256449511
14.656490662778083	0.00003226644480190919
14.826204826018357	0.000031509601859392625
14.997884186649118	0.00003074829850256127
15.171551500583682	0.000030048460074288583
15.347229787236381	0.00002956515395513778
15.524942332573842	0.000029092280904263333
15.704712692201438	0.000028629545270074294
15.886564694485637	0.00002817665936875956
16.07052244371235	0.00002773335164177491
16.256610323281993	0.000027299362910497885
16.444852998941425	0.000026874431475530622
16.63527542205343	0.000026458306129668144
16.827902832903906	0.000026050748476445796
17.022760764047536	0.000025651529918942896
17.219875043692017	0.000025260415633269086
17.41927179912162	0.000024877192914460915
17.620977460160287	0.000024501647537976162
17.82501876267491	0.00002413357927417872
18.031422752119145	0.000023772787610433936
18.240216787118197	0.00002341907827159425
18.45142854309527	0.000023072270715734967
18.66508601593982	0.000022732178921485485
18.881217525718473	0.000022398631233755897
19.09985172042872	0.000022071459146683465
19.321017579796273	0.000021750500579064325
19.544744419116217	0.00002143559560713271
19.771061893138786	0.00002112658838333327
20.000000000000004	0.00002082333333798189
20.231589085197978	0.00002052568671363245
20.465859845615086	0.000020233506355490294
20.702843333586884	0.000019946657064304582
20.942570961017996	0.00001966500651237496
21.18507450354579	0.000019388389718144567
21.43038610475213	0.00001911663476876963
21.678538280424082	0.000018849601519313887
21.929563922863704	0.000018587145266590467
22.18349630524803	0.00001832912549483589
22.440369086039276	0.00001807542677910747
22.70021631344631	0.00001782593396989848
22.96307242993766	0.000017580533477667096
23.228972276806868	0.00001733912463106047
23.497951098790598	0.000017101612098166506
23.77004454874037	0.000016867898494678428
24.045288692348265	0.000016637906084355125
24.32372001292736	0.000016411551322470437
24.60537541624764	0.000016188748944572726
24.890292235427705	0.000015969427030329885
