0.020000000000000004	0.00008845484913933071
0.020231589085197968	0.0000867388688466825
0.020465859845615084	0.000085072702063707
0.020702843333586875	0.0000834543284783978
0.020942570961017995	0.00008188183033908148
0.021185074503545776	0.00008035338658733515
0.021430386104752133	0.00007886726666859782
0.02167853828042407	0.0000774218256295196
0.021929563922863705	0.00007601549889726886
0.022183496305248022	0.00007464679768370638
0.022440369086039275	0.00007331430455723365
0.022700216313446302	0.00007201666954799417
0.02296307242993766	0.00007075260619415083
0.023228972276806856	0.0000695208881231666
0.023497951098790597	0.00006832034557172305
0.02377004454874037	0.00006714986257595225
0.024045288692348267	0.00006600837365796332
0.02432372001292736	0.00006489486140853565
0.02460537541624764	0.00006380835380749309
0.024890292235427703	0.00006274792183903062
0.025178508235883353	0.00006171267722962689
0.025470061620333235	0.00006070177027487358
0.025764991033862688	0.000059714387974651664
0.02606333556904599	0.00005874975204980402
0.026365134771128153	0.00005780711720339559
0.026670428643266485	0.00005688576944817339
0.02697925765183307	0.00005598502459452331
0.027291662731778493	0.00005510422672361362
0.027607685292057694	0.00005424274680229171
0.027927367221118757	0.00005339998138025256
0.028250750892455084	0.000052575351359041644
0.028577879170222063	0.000051768300814965375
0.02890879541491855	0.000050978295883461394
0.02924354348913437	0.00005020482371292092
0.02958216776336415	0.00004944739151199461
0.029924713121888675	0.00004870552556351144
0.030271224968724163	0.00004797877041863772
0.03062174923364061	0.00004726668793797322
0.03097633237824963	0.0000465688566263146
0.03133502140216299	0.000045884870808405856
0.03169786384922227	0.00004521433991082298
0.03206490781380084	0.00004455688783575528
0.032436201947178604	0.00004391215230634489
0.032811795463990795	0.000043279784184043496
0.03319173814875122	0.00004265944703930121
0.033576080362451216	0.0000420508164601213
0.033964873049234894	0.00004145357958411497
0.03435816774315178	0.00004086743465973908
0.03475601657498752	0.000040292090463080155
0.03515847227917387	0.00003972726595769253
0.03556558820077846	0.000039172689804310525
0.035977418302575774	0.000038628099966279304
0.03639401717219967	0.00003809324335958769
0.036815440029379115	0.00003756787542812298
0.03724174273325736	0.000037051759821105754
0.03767298178979601	0.00003654466809267802
0.038109214359264953	0.0000360463793181038
0.03855049826381872	0.00003555667985361549
0.03899689199516092	0.000035075362985062444
0.03944845472229708	0.00003460222871641318
0.039905246299377604	0.000034137083474875004
0.040367327273631216	0.00003367973982446705
0.040834758893390596	0.00003323001630144927
0.04130760311621059	0.00003278773712145888
0.0417859226170808	0.00003235273198806332
0.042269780796732936	0.00003192483588484749
0.04275924179004466	0.00003150388886014348
0.04325437047454041	0.000031089735862000125
0.04375523247899107	0.00003068222650372719
0.04426189419211276	0.000030281214953116345
0.044774422771366805	0.000029886559719236764
0.045292886151861195	0.000029498123515582806
0.045817353055355475	0.0000291157730860662
0.046347892999369575	0.000028739379080456052
0.04688457630639846	0.000028368815895367747
0.047427474113233115	0.00002800396153571566
0.04797665838038983	0.000027644697502459536
0.048532201901648316	0.000027290908683298245
0.0490941783137006	0.00002694248316292591
0.049662662105911415	0.00002659931219955181
0.050237728630191596	0.000026261290054143096
0.05081945411098611	0.00002592831390959244
0.05140791565537727	0.000025600283748785558
0.05200319126330545	0.00002527710229168817
0.052605359837907636	0.000024958674878360455
0.053214501195976205	0.000024644909379450926
0.05383069607853831	0.00002433571611517087
0.05445402616155826	0.00002403100777422471
0.05508457406676333	0.000023730699342657608
0.05572242337259542	0.000023434708016333715
0.05636765862528908	0.000023142953113187017
0.057020365350078206	0.000022855356044198014
0.05768063006253212	0.00002257184020086774
0.058348540280023356	0.000022292330919136453
0.059024184533327716	0.000022016755418479866
0.05970765237835921	0.000021745042710638783
0.06039903440804033	0.00002147712358090097
0.06109842226431029	0.00002121293049877364
0.061805908650271815	0.00002095239759690357
0.06252158734247912	0.000020695460585609905
0.0632455532033676	0.000020442056720362082
0.06397790219382798	0.000020192124763966396
0.06471873138592567	0.00001994560491231951
0.06546813897576763	0.000019702438783873387
0.06622622429651823	0.00001946256935412144
0.06699308783156553	0.000019225940909444003
0.06776883122784053	0.000018992499025019773
0.06855355730929007	0.000018762190521580057
0.06934737009050634	0.00001853496341755068
0.0701503747905136	0.000018310766903346016
0.0709626778467151	0.000018089551305361466
0.07178438692900105	0.0000178712680529099
0.07261561095402029	0.000017655869638820733
0.07345646009961693	0.000017443309599871055
0.07430704581943452	0.000017233542477081894
0.07516748085768883	0.00001702652379817515
0.07603787926411226	0.00001682221003564098
0.07691835640907072	0.00001662055858308825
0.07780902899885614	0.000016421527741553665
0.0787100150911555	0.000016225076688199212
0.07962143411069948	0.00001603116542857065
0.08054340686509183	0.000015839754814461882
0.08147605556082257	0.000015650806493984386
0.08241950381946606	0.000015464282897483793
0.08337387669406711	0.000015280147205215407
0.08433930068571646	0.000015098363349894713
0.08531590376031857	0.000014918895975883327
0.08630381536555305	0.000014741710427763951
0.08730316644803324	0.000014566772735416456
0.08831408947066252	0.00001439404958770295
0.08933671843019261	0.000014223508317290892
0.09037118887498449	0.000014055116895563077
0.091417637922975	0.000013888843897073903
0.09247620427985208	0.000013724658501232849
0.09354702825743963	0.000013562530464125013
0.09463025179229612	0.000013402430110010695
0.09572601846452766	0.000013244328317092023
0.0968344735168199	0.000013088196497573791
0.09795576387368925	0.000012934006597808254
0.09909003816095807	0.000012781731069968165
0.10023744672545448	0.000012631342869793011
0.10139814165494088	0.000012482815434058059
0.10257227679827298	0.000012336122683306341
0.10376000778579222	0.000012191238998594926
0.10496149204995453	0.000012048139215697539
0.10617688884619768	0.000011906798610263117
0.10740635927405055	0.000011767192888556855
0.10865006629848666	0.000011629298182900262
0.10990817477152492	0.000011493091037379136
0.11118085145408073	0.000011358548393390057
0.11246826503806984	0.000011225647588963582
0.11377058616876831	0.000011094366346110209
0.1150879874674314	0.000010964682761345918
0.11642064355417431	0.000010836575295390938
0.11776873107111781	0.00001071002277312498
0.11913242870580211	0.000010585004365194056
0.12051191721487158	0.000010461499586783562
0.12190737944803386	0.000010339488286272434
0.12331900037229646	0.000010218950643034465
0.12474696709648388	0.00001009986715728659
0.1261914688960387	9.982218638187394e-6
0.12765269723810976	9.865986206195602e-6
0.12913084580693113	9.751151279971194e-6
0.1306261105294945	9.637695574606678e-6
0.13213868960151923	9.525601090313106e-6
0.13366878351372297	9.41485011266361e-6
0.1352165950783964	9.305425199165976e-6
0.13678232945628588	9.197309182080197e-6
0.13836619418378732	9.090485155650052e-6
0.1399683992004547	8.984936471605061e-6
0.1415891568768276	8.88064674041323e-6
0.1432286820425804	8.777599820690108e-6
0.14488719201499803	8.675779810842098e-6
0.14656490662778082	8.575171054909176e-6
0.14826204826018352	8.475758126341757e-6
0.14997884186649119	8.377525831133887e-6
0.15171551500583677	8.280459201101157e-6
0.1534722978723638	8.18454348517231e-6
0.15524942332573838	8.089764155931491e-6
0.1570471269220144	7.996106891308816e-6
0.15886564694485633	7.903557583753609e-6
0.16070522443712348	7.812102327623284e-6
0.1625661032328199	7.721727418874728e-6
0.16444852998941425	7.632419351394204e-6
0.16635275422053425	7.544164810712718e-6
0.16827902832903907	7.45695067486408e-6
0.17022760764047534	7.370764005402661e-6
0.17219875043692018	7.2855920508195306e-6
0.17419271799121616	7.20142223635443e-6
0.17620977460160286	7.118242164898992e-6
0.17825018762674916	7.036039612170319e-6
0.18031422752119144	6.954802528033834e-6
0.18240216787118196	6.87451902369642e-6
0.18451428543095263	6.795177380439702e-6
0.18665086015939822	6.716766037142112e-6
0.1888121752571847	6.639273593705983e-6
0.1909985172042872	6.562688806223811e-6
0.1932101757979627	6.487000582632181e-6
0.19544744419116217	6.412197982779015e-6
0.1977106189313878	6.338270216185087e-6
0.20000000000000004	6.265206635581172e-6
0.20231589085197973	6.192996738348447e-6
0.20465859845615086	6.121630163686353e-6
0.2070284333358688	6.051096687435172e-6
0.20942570961017995	5.981386224313599e-6
0.2118507450354578	5.912488612945563e-6
0.21430386104752133	5.8443944562376e-6
0.21678538280424076	5.7770938487910465e-6
0.21929563922863704	5.7105772292136415e-6
0.22183496305248027	5.644835160042509e-6
0.22440369086039275	5.579858130617279e-6
0.22700216313446306	5.515637350216863e-6
0.22963072429937662	5.452163544846583e-6
0.2322897227680686	5.389427760698699e-6
0.23497951098790598	5.327421161314773e-6
0.23770044548740377	5.2661350233422385e-6
0.24045288692348266	5.205560737291629e-6
0.24323720012927366	5.14568980433416e-6
0.24605375416247632	5.0865138335156855e-6
0.24890292235427702	5.028024543059773e-6
0.25178508235883346	4.9702137569338875e-6
0.25470061620333234	4.9130734021819676e-6
0.25764991033862683	4.856595510570105e-6
0.2606333556904599	4.800772213671924e-6
0.26365134771128146	4.745595743008689e-6
0.26670428643266486	4.691058428899092e-6
0.2697925765183308	4.637152697972356e-6
0.27291662731778493	4.5838710728924385e-6
0.276076852920577	4.531206169487821e-6
0.2792736722111876	4.479150697139574e-6
0.2825075089245509	4.427697455848139e-6
0.28577879170222065	4.376839336286411e-6
0.2890879541491856	4.326569317481938e-6
0.2924354348913437	4.276880465338918e-6
0.29582167763364153	4.227765933339485e-6
0.29924713121888674	4.179218959240236e-6
0.3027122496872417	4.131232863668158e-6
0.3062174923364061	4.0838009014839256e-6
0.3097633237824963	4.036916862649359e-6
0.31335021402162994	3.990574158724195e-6
0.31697863849222274	3.944766434929613e-6
0.32064907813800836	3.899487414076425e-6
0.32436201947178606	3.854730896444167e-6
0.3281179546399079	3.8104907594200045e-6
0.3319173814875122	3.7667609532588217e-6
0.33576080362451216	3.7235355036508014e-6
0.33964873049234895	3.680808508181958e-6
0.3435816774315177	3.6385741375665925e-6
0.3475601657498752	3.596826632396266e-6
0.35158472279173864	3.5555603039328556e-6
0.3556558820077846	3.5147695325532415e-6
0.35977418302575764	3.474448656887246e-6
0.3639401717219967	3.434592412814117e-6
0.3681544002937912	3.3951952706629952e-6
0.37241742733257355	3.3562518775510794e-6
0.3767298178979602	3.3177569447517798e-6
0.38109214359264953	3.279705248682319e-6
0.3855049826381873	3.2420916273849062e-6
0.38996891995160915	3.20491098149713e-6
0.3944845472229708	3.1681582724487172e-6
0.399052462993776	3.1318285223082e-6
0.4036732727363123	3.0959168133963515e-6
0.408347588933906	3.0604182859472426e-6
0.41307603116210595	3.025328139842748e-6
0.41785922617080795	2.990641439752547e-6
0.4226978079673294	2.956353885746638e-6
0.4275924179004465	2.9224606514836898e-6
0.43254370474540416	2.8889571589172177e-6
0.4375523247899106	2.8558388875825744e-6
0.4426189419211276	2.8231013697080267e-6
0.447744227713668	2.790740191130929e-6
0.452928861518612	2.758748967457621e-6
0.4581735305535547	2.7271275043722895e-6
0.46347892999369583	2.6958694464724333e-6
0.46884576306398457	2.664970585172338e-6
0.4742747411323312	2.6344267607183634e-6
0.47976658380389814	2.6042338644065424e-6
0.4853220190164832	2.574387834986497e-6
0.49094178313700615	2.544884658919536e-6
0.49662662105911415	2.5157203713157737e-6
0.5023772863019161	2.486891052672129e-6
0.5081945411098611	2.4583928307850963e-6
0.5140791565537729	2.4302218781064115e-6
0.5200319126330545	2.402374413246417e-6
0.5260535983790765	2.374846697993195e-6
0.532145011959762	2.3476350392623358e-6
0.5383069607853833	2.320735787062939e-6
0.5445402616155827	2.2941453342020907e-6
0.5508457406676335	2.2678601153025896e-6
0.5572242337259542	2.2418766081132804e-6
0.5636765862528909	2.2161913302923553e-6
0.570203653500782	2.190800840584304e-6
0.5768063006253213	2.165701738986809e-6
0.5834854028002335	2.1408906649827333e-6
0.5902418453332773	2.1163642965033886e-6
0.597076523783592	2.092119350982031e-6
0.6039903440804034	2.0681525841784376e-6
0.6109842226431028	2.0444607904399052e-6
0.6180590865027182	2.0210407998033325e-6
0.6252158734247911	1.9978894810309762e-6
0.632455532033676	1.9750037388251155e-6
0.6397790219382797	1.9523805132747433e-6
0.6471873138592567	1.9300167818555756e-6
0.6546813897576765	1.9079095553983185e-6
0.6622622429651823	1.8860558811776088e-6
0.6699308783156555	1.8644528394156704e-6
0.6776883122784052	1.8430975448519976e-6
0.6855355730929008	1.8219871470696612e-6
0.6934737009050634	1.801118826369349e-6
0.7015037479051361	1.7804897981117162e-6
0.709626778467151	1.7600973080772097e-6
0.7178438692900105	1.7399386362397788e-6
0.7261561095402028	1.7200110921097965e-6
0.7345646009961695	1.7003120175858545e-6
0.7430704581943453	1.680838785707216e-6
0.7516748085768885	1.6615887985332707e-6
0.7603787926411225	1.6425594894225338e-6
0.7691835640907073	1.6237483215459814e-6
0.7780902899885613	1.6051527865657155e-6
0.787100150911555	1.586770406383552e-6
0.7962143411069946	1.568598731247467e-6
0.8054340686509184	1.5506353387866997e-6
0.8147605556082256	1.5328778366058181e-6
0.8241950381946606	1.5153238584131643e-6
0.833738766940671	1.4979710656039333e-6
0.8433930068571647	1.4808171466834036e-6
0.8531590376031855	1.4638598172702424e-6
0.8630381536555306	1.4470968201444344e-6
0.8730316644803321	1.4305259220322077e-6
0.8831408947066252	1.4141449171689375e-6
0.8933671843019264	1.3979516240056508e-6
0.9037118887498449	1.3819438888457425e-6
0.9141763792297503	1.3661195793324277e-6
0.9247620427985208	1.3504765903819323e-6
0.9354702825743966	1.3350128394351503e-6
0.9463025179229612	1.3197262700674654e-6
0.9572601846452768	1.304614847506378e-6
0.9683447351681989	1.2896765614625434e-6
0.9795576387368926	1.2749094245773257e-6
0.9909003816095806	1.2603114729808698e-6
1.0023744672545447	1.2458807647831867e-6
1.013981416549409	1.231615380743718e-6
1.0257227679827299	1.2175134236825314e-6
1.0376000778579224	1.2035730183029906e-6
1.0496149204995455	1.1897923111686735e-6
1.061768888461977	1.1761694700213555e-6
1.0740635927405058	1.162702683715186e-6
1.0865006629848666	1.1493901621206055e-6
1.0990817477152492	1.1362301352354923e-6
1.1118085145408074	1.123220854337004e-6
1.1246826503806984	1.1103605897305226e-6
1.1377058616876832	1.0976476321227172e-6
1.150879874674314	1.0850802928926957e-6
1.1642064355417432	1.072656901572799e-6
1.1776873107111783	1.0603758066950335e-6
1.1913242870580212	1.0482353773341925e-6
1.2051191721487158	1.0362340002121837e-6
1.2190737944803385	1.0243700802070544e-6
1.2331900037229646	1.0126420418112964e-6
1.2474696709648387	1.0010483272905246e-6
1.2619146889603867	9.895873956208865e-7
1.2765269723810977	9.782559306329664e-7
1.2913084580693113	9.670240578669807e-7
1.306261105294945	9.558461972931043e-7
1.3213868960151922	9.446838115387606e-7
1.3366878351372296	9.3350527946024e-7
1.3521659507839638	9.222852155790028e-7
1.367823294562859	9.110038557103247e-7
1.3836619418378733	8.996464939764771e-7
1.3996839920045472	8.882029637767986e-7
1.415891568768276	8.766671495429776e-7
1.4322868204258044	8.650365336221921e-7
1.4488719201499805	8.533117654791609e-7
1.4656490662778086	8.414962572184084e-7
1.4826204826018354	8.29595804589373e-7
1.499788418664912	8.176182265273116e-7
1.5171551500583678	8.055730302304506e-7
1.5347229787236383	7.934710984386562e-7
1.552494233257384	7.813243982100071e-7
1.570471269220144	7.691457141988667e-7
1.5886564694485634	7.569484053047897e-7
1.6070522443712347	7.447461819100543e-7
1.6256610323281988	7.325529077539363e-7
1.6444852998941426	7.203824247156067e-7
1.6635275422053424	7.082483971053193e-7
1.6827902832903905	6.961641129024415e-7
1.7022760764047533	6.841426110265081e-7
1.7219875043692017	6.721961053443165e-7
1.7419271799121616	6.603360960484087e-7
1.7620977460160285	6.485732789777701e-7
1.7825018762674916	6.369175352625765e-7
1.8031422752119142	6.253779250362553e-7
1.8240216787118197	6.139626982480816e-7
1.8451428543095267	6.026793061735562e-7
1.8665086015939825	5.915344232124334e-7
1.8881217525718472	5.805339727472401e-7
1.9099851720428722	5.696831564479878e-7
1.9321017579796271	5.589864870213293e-7
1.9544744419116218	5.484478232613947e-7
1.9771061893138782	5.380704064660963e-7
2.0000000000000004	5.278568972831747e-7
2.0231589085197976	5.178094132882018e-7
2.0465859845615086	5.079295632584578e-7
2.0702843333586882	4.982184981292072e-7
2.094257096101799	4.886769174997208e-7
2.118507450354578	4.793051327355706e-7
2.1430386104752133	4.701030868724e-7
2.1678538280424076	4.6107038834029773e-7
2.1929563922863706	4.5220634050356676e-7
2.2183496305248025	4.43509970691992e-7
2.2440369086039276	4.3498005742912885e-7
2.2700216313446306	4.2661515430616365e-7
2.296307242993766	4.184136132827154e-7
2.322897227680686	4.103736101737175e-7
2.34979510987906	4.024931561879484e-7
2.3770044548740374	3.9477012643461865e-7
2.4045288692348263	3.8720227086265393e-7
2.4323720012927366	3.7978722951041527e-7
2.4605375416247637	3.725225504245982e-7
2.4890292235427705	3.654056996116181e-7
2.517850823588335	3.584340739711473e-7
2.5470061620333238	3.516050108802997e-7
2.5764991033862685	3.4491579841417317e-7
2.6063335569045996	3.3836368269861095e-7
2.636513477112815	3.319458757873133e-7
2.667042864326649	3.2565956242172433e-7
2.697925765183308	3.1950190446335105e-7
2.72916627317785	3.1347004675760344e-7
2.7607685292057704	3.075611200816042e-7
2.7927367221118757	3.017722457021934e-7
2.825075089245509	2.961005383221404e-7
2.8577879170222062	2.905431094147207e-7
2.8908795414918558	2.8509706951534547e-7
2.924354348913437	2.797595306767466e-7
2.9582167763364153	2.7452760792424944e-7
2.9924713121888677	2.693984205429665e-7
3.027122496872417	2.6436909172602314e-7
3.062174923364061	2.594367501924933e-7
3.0976332378249634	2.5459852820319243e-7
3.133502140216299	2.4985156114120995e-7
3.169786384922228	2.4519298569437915e-7
3.206490781380084	2.406199371679604e-7
3.243620194717861	2.3612954637488252e-7
3.2811795463990796	2.3171893248783407e-7
3.319173814875122	2.273852030974893e-7
3.357608036245122	2.231254478587658e-7
3.39648730492349	2.1893673178766454e-7
3.4358167743151773	2.1481608591345627e-7
3.475601657498751	2.107604964433077e-7
3.515847227917386	2.0676689286203908e-7
3.556558820077846	2.0283213402531168e-7
3.597741830257576	1.989529918644422e-7
3.6394017172199673	1.9512613268082565e-7
3.6815440029379123	1.91348096279072e-7
3.7241742733257355	1.8761527125583416e-7
3.7672981789796016	1.8392386860669354e-7
3.810921435926495	1.8026989081967583e-7
3.855049826381873	1.7664909826445601e-7
3.8996891995160916	1.7305697269759187e-7
3.9448454722297086	1.6948867731173953e-7
3.9905246299377604	1.6593901890130203e-7
4.036732727363123	1.6240241734202145e-7
4.08347588933906	1.588728901633341e-7
4.13076031162106	1.5534405821971446e-7
4.17859226170808	1.5180918607048782e-7
4.2269780796732945	1.482612834325379e-7
4.275924179004465	1.4469329756117836e-7
4.325437047454042	1.41250547299887e-7
4.375523247899107	1.3897838373684386e-7
4.426189419211277	1.3675527787609106e-7
4.477442277136681	1.3457985230708197e-7
4.529288615186121	1.324507736537802e-7
4.581735305535548	1.3036675102191514e-7
4.634789299936958	1.2832653494018313e-7
4.688457630639845	1.2632891588746228e-7
4.742747411323311	1.2437272313245186e-7
4.797665838038982	1.2245682332323147e-7
4.853220190164832	1.205801193733239e-7
4.909417831370061	1.1874154937489966e-7
4.966266210591141	1.1694008533436626e-7
5.023772863019161	1.1517473193147041e-7
5.081945411098611	1.1344452573861841e-7
5.140791565537729	1.1174853391217435e-7
5.200319126330545	1.1008585329111699e-7
5.260535983790765	1.0845560920717327e-7
5.32145011959762	1.0685695491796213e-7
5.383069607853833	1.052890701923083e-7
5.445402616155826	1.0375116078335967e-7
5.508457406676334	1.0224245735235976e-7
5.572242337259542	1.007622145812184e-7
5.636765862528909	9.93097106114809e-8
5.70203653500782	9.788424596558936e-8
5.768063006253214	9.648514294549054e-8
5.8348540280023355	9.511174478384519e-8
5.902418453332773	9.376341498181698e-8
5.970765237835921	9.243952389278718e-8
6.039903440804035	9.11393280836519e-8
6.109842226431029	8.986204929161605e-8
6.180590865027184	8.86069639952685e-8
6.252158734247912	8.737339924946238e-8
6.32455532033676	8.616072775573303e-8
6.397790219382797	8.496836353032176e-8
6.471873138592566	8.379575800187055e-8
6.546813897576765	8.264239634943544e-8
6.622622429651823	8.150779431635485e-8
6.699308783156554	8.039149548503806e-8
6.776883122784052	7.929306842772938e-8
6.855355730929008	7.821210461954133e-8
6.934737009050634	7.714821615884243e-8
7.015037479051362	7.610103400305855e-8
7.096267784671511	7.507020621907708e-8
7.178438692900106	7.405539636120699e-8
7.261561095402029	7.305628237227189e-8
7.345646009961695	7.207255505671152e-8
7.430704581943453	7.110391712905795e-8
7.516748085768885	7.015008215782165e-8
7.6037879264112265	6.921077376230442e-8
7.691835640907073	6.828572469364509e-8
7.780902899885614	6.737467619634987e-8
7.871001509115552	6.647737738434144e-8
7.962143411069948	6.55935845309061e-8
8.054340686509185	6.472306073510421e-8
8.147605556082258	6.386557527833208e-8
8.241950381946607	6.302090337291538e-8
8.337387669406711	6.218882568751266e-8
8.433930068571646	6.136912801932814e-8
8.531590376031854	6.056160103865737e-8
8.630381536555305	5.976603999703642e-8
8.73031664480332	5.898224450194195e-8
8.831408947066251	5.821001831380504e-8
8.933671843019264	5.744916904999907e-8
9.03711888749845	5.669950816522975e-8
9.141763792297503	5.5960850720082785e-8
9.247620427985208	5.523301525690214e-8
9.354702825743965	5.4515823617375994e-8
9.463025179229613	5.380910093050629e-8
9.57260184645277	5.311267540852189e-8
9.68344735168199	5.242637832789658e-8
9.795576387368927	5.175004397151281e-8
9.909003816095806	5.1083509407004594e-8
10.023744672545446	5.042661457035913e-8
10.13981416549409	4.977920212114439e-8
10.257227679827297	4.914111740394539e-8
10.376000778579225	4.8512208385881805e-8
10.496149204995453	4.7892325637196056e-8
10.61768888461977	4.728132220405275e-8
10.740635927405055	4.66790537059528e-8
10.865006629848668	4.6085378110013936e-8
10.990817477152492	4.550015581756665e-8
11.118085145408076	4.4923249603402146e-8
11.246826503806982	4.43545245889107e-8
11.377058616876834	4.379384811906875e-8
11.50879874674314	4.324108984086889e-8
11.642064355417434	4.2696121615548964e-8
11.776873107111781	4.2158817471819346e-8
11.913242870580214	4.162905364762552e-8
12.051191721487157	4.110670844014108e-8
12.19073794480339	4.0591662250672964e-8
12.331900037229646	4.008379760778338e-8
12.474696709648391	3.958299899305763e-8
12.619146889603869	3.9089152934114435e-8
12.765269723810981	3.8602147923610127e-8
12.913084580693114	3.8121874402211664e-8
13.062611052949453	3.7648224700694347e-8
13.213868960151924	3.71810931008658e-8
13.366878351372293	3.672037568110053e-8
13.52165950783964	3.6265970343817144e-8
13.678232945628586	3.581777685100432e-8
13.836619418378735	3.537569667684153e-8
13.99683992004547	3.493963307285467e-8
14.158915687682763	3.450949101063482e-8
14.322868204258041	3.4085177132457395e-8
14.488719201499807	3.366659976244181e-8
14.656490662778083	3.325366882908372e-8
14.826204826018357	3.284629589372007e-8
14.997884186649118	3.244439409490885e-8
15.171551500583682	3.204787811127004e-8
15.347229787236381	3.1656664135492405e-8
15.524942332573842	3.127066994026613e-8
15.704712692201438	3.08898146503391e-8
15.886564694485637	3.0514018909659536e-8
16.07052244371235	3.014320479484794e-8
16.256610323281993	2.977729574981922e-8
16.444852998941425	2.9416216587811308e-8
16.63527542205343	2.905989348664832e-8
16.827902832903906	2.870825394353918e-8
17.022760764047536	2.836122673511317e-8
17.219875043692017	2.8018741929439166e-8
17.41927179912162	2.768073084791917e-8
17.620977460160287	2.7347126016882694e-8
17.82501876267491	2.7017861169058088e-8
18.031422752119145	2.6692871240251576e-8
18.240216787118197	2.6372092329988077e-8
18.45142854309527	2.6055461610658344e-8
18.66508601593982	2.57429174408548e-8
18.881217525718473	2.5434399234013326e-8
19.09985172042872	2.512984748916967e-8
19.321017579796273	2.482920374122943e-8
19.544744419116217	2.453241056439637e-8
19.771061893138786	2.423941154821181e-8
20.000000000000004	2.3950151259938107e-8
20.231589085197978	2.3664575246850442e-8
20.465859845615086	2.3382630009443735e-8
20.702843333586884	2.3104262956504518e-8
20.942570961017996	2.282942243568996e-8
21.18507450354579	2.2558057696224764e-8
21.43038610475213	2.229011884827971e-8
21.678538280424082	2.2025556866391742e-8
21.929563922863704	2.176432357347757e-8
22.18349630524803	2.150637160029771e-8
22.440369086039276	2.125165441814681e-8
22.70021631344631	2.100009291702899e-8
22.96307242993766	2.0751493574602664e-8
23.228972276806868	2.0505661436162245e-8
23.497951098790598	2.0262429161947416e-8
23.77004454874037	2.0021654082288524e-8
24.045288692348265	1.9783215472361398e-8
24.32372001292736	1.954701213703931e-8
24.60537541624764	1.931296011239215e-8
24.890292235427705	1.908099072366671e-8
